hw2_10_a Truss problem
    6    1    1    0
    1    1    1    1       0.0      0.0      0.0
    2    0    0    1      20.0      0.0      0.0
    3    0    1    1      40.0      0.0      0.0
    4    0    0    1       0.0     10.0      0.0
    5    0    0    1      20.0     10.0      0.0
    6    0    0    1      40.0     10.0      0.0
    1   11    1    0
    1  1.5E11  1E-2
    1    1    2    1
    2    2    3    1
    3    3    6    1
    4    6    5    1
    5    5    4    1
    6    4    1    1
    7    1    5    1
    8    4    2    1
    9    2    5    1
   10    2    6    1
   11    5    3    1
    1    1
    5    2   -1.0
