hw2_10_b Truss problem
8        1        1        0
1        1        0        1        0.0        0.0        0.0
2        0        0        1       10.0        0.0        0.0
3        0        0        1       20.0        0.0        0.0
4        0        0        1       30.0        0.0        0.0
5        1        1        1        0.0       10.0        0.0
6        0        0        1       10.0       10.0        0.0
7        0        0        1       20.0       10.0        0.0
8        0        0        1       30.0       10.0        0.0
1        1
8        2        -1.0
1        16       1
1        1.5E+11  1.0E-2
1        1        2        1
2        2        3        1
3        3        4        1
4        4        8        1
5        8        7        1
6        7        6        1
7        6        5        1
8        5        1        1
9        1        6        1
10       2        5        1
11       2        6        1
12       2        7        1
13       3        6        1
14       3        7        1
15       3        8        1
16       4        7        1
